NORMAL COORDINATES
         0.0         0.0         0.0         0.0         0.0         0.0         0.0         0.0
      108.08      167.68      224.46      302.62      381.97      460.91      592.54      634.99
 -0.35133E-8  0.98178E-3  0.30448E-8 -0.46844E-9 -0.22879E-2  0.26580E-2 -0.15478E-2  0.46844E-8
 -0.11711E-7  0.27197E-2  0.32790E-8  0.30448E-8 -0.10119E-2 -0.59936E-3  0.37363E-4 -0.70265E-9
  0.30672E-2  0.11945E-7  0.14380E-2 -0.57470E-3 -0.23422E-9 -0.11711E-8  0.28106E-8  0.26166E-3
  0.39817E-8 -0.86075E-3 -0.00000E+0 -0.28106E-8 -0.67032E-4  0.29311E-2 -0.96474E-4 -0.46844E-9
  0.16395E-8 -0.45909E-3 -0.21080E-8 -0.18737E-8  0.26001E-2  0.61348E-3  0.20188E-2 -0.74950E-8
 -0.72744E-3  0.00000E+0 -0.34037E-2 -0.10925E-3 -0.16395E-8  0.16395E-8 -0.10774E-7 -0.21087E-2
 -0.15693E-7  0.40658E-2  0.93687E-8  0.44501E-8 -0.69993E-2  0.20574E-2 -0.60626E-2  0.22016E-7
 -0.11945E-7  0.27908E-2  0.35133E-8  0.32790E-8 -0.11106E-2 -0.63135E-3 -0.44442E-4 -0.23422E-9
  0.37950E-2  0.53870E-8  0.62591E-2  0.46686E-2  0.70265E-8  0.18737E-8 -0.37006E-7 -0.96024E-2
  0.23422E-8 -0.48954E-3  0.00000E+0 -0.30448E-8 -0.64599E-4  0.30625E-2  0.53860E-3 -0.35133E-8
 -0.22485E-7  0.54857E-2  0.89003E-8  0.81976E-8 -0.52366E-2 -0.12896E-2 -0.39613E-2  0.14990E-7
  0.57855E-2  0.28809E-7  0.14116E-2 -0.63576E-2 -0.63239E-8 -0.60897E-8  0.53870E-7  0.11587E-1
  0.15693E-7 -0.33400E-2 -0.25764E-8 -0.60897E-8  0.12171E-2  0.46698E-2 -0.13034E-2  0.46844E-8
  0.16395E-8 -0.45113E-3 -0.18737E-8 -0.16395E-8  0.25762E-2  0.63947E-3  0.19926E-2 -0.74950E-8
 -0.10238E-2  0.93687E-8 -0.72707E-2 -0.54141E-2 -0.67923E-8 -0.18737E-8  0.21548E-7  0.44566E-2
 -0.18737E-8  0.30673E-3 -0.23422E-9  0.46844E-9  0.75683E-3  0.11621E-2  0.21735E-2 -0.74950E-8
  0.12648E-7 -0.26734E-2 -0.30448E-8 -0.35133E-8  0.14390E-2  0.16848E-2 -0.18281E-2  0.77292E-8
 -0.28760E-2 -0.13819E-7 -0.81513E-3  0.32008E-2  0.11711E-8  0.70265E-9  0.28106E-8  0.73723E-3
 -0.35133E-8  0.25898E-3  0.11711E-8  0.32790E-8 -0.48185E-3 -0.11478E-2  0.22195E-2 -0.77292E-8
  0.11008E-7 -0.27405E-2 -0.93687E-9 -0.14053E-8 -0.18221E-2 -0.12353E-2 -0.14530E-2  0.44501E-8
 -0.24757E-2 -0.13116E-7  0.38134E-2 -0.52704E-3  0.30448E-8  0.70265E-9  0.46844E-9  0.45928E-4
 -0.58554E-8  0.12220E-2 -0.16395E-8 -0.11711E-8  0.31162E-2  0.22913E-2  0.48632E-2 -0.17098E-7
  0.12414E-7 -0.26507E-2 -0.32790E-8 -0.37475E-8  0.15127E-2  0.16517E-2 -0.17564E-2  0.74950E-8
 -0.38468E-2 -0.19440E-7 -0.26644E-2  0.70360E-2  0.28106E-8  0.65581E-8  0.16161E-7  0.68881E-2
 -0.89003E-8  0.12016E-2  0.25764E-8  0.58554E-8 -0.29098E-2 -0.27779E-2  0.58299E-2 -0.22016E-7
  0.10540E-7 -0.26597E-2 -0.93687E-9 -0.11711E-8 -0.19611E-2 -0.12775E-2 -0.12326E-2  0.37475E-8
 -0.11837E-2 -0.13819E-7  0.73085E-2 -0.15371E-2  0.18737E-8 -0.13116E-7 -0.22251E-7 -0.67882E-2
  0.49186E-8 -0.10248E-2 -0.23422E-8  0.00000E+0  0.21957E-3 -0.25677E-2 -0.42539E-3  0.23422E-8
  0.14053E-8 -0.69990E-3 -0.00000E+0  0.16395E-8 -0.25160E-2 -0.67688E-3  0.21956E-2 -0.70265E-8
 -0.11995E-2 -0.30448E-8  0.13995E-3 -0.30157E-2 -0.70265E-9 -0.11711E-8  0.46844E-9  0.79598E-3
  0.14990E-7 -0.36126E-2 -0.39817E-8 -0.93687E-9 -0.15399E-2 -0.39236E-2 -0.88095E-3  0.37475E-8
  0.23422E-8 -0.88898E-3 -0.46844E-9  0.16395E-8 -0.26487E-2 -0.81771E-3  0.21464E-2 -0.67923E-8
 -0.32316E-2 -0.11711E-8 -0.32335E-2 -0.86598E-2 -0.58554E-8 -0.51528E-8 -0.16395E-8 -0.16224E-2
  0.23422E-9  0.23976E-3 -0.14053E-8 -0.23422E-9  0.17391E-2 -0.26181E-2 -0.18141E-2  0.67923E-8
 -0.10071E-7  0.26018E-2  0.18737E-8  0.14053E-8  0.11559E-2  0.23379E-3 -0.27660E-3  0.70265E-9
  0.29298E-2  0.12179E-7 -0.93267E-3  0.11963E-2 -0.93687E-9  0.46844E-9  0.14053E-8  0.20250E-3
  0.63239E-8 -0.15297E-2 -0.21080E-8  0.23422E-9 -0.74707E-3 -0.29875E-2  0.78726E-3 -0.16395E-8
 -0.18503E-7  0.49630E-2  0.28106E-8  0.46844E-9  0.45019E-2  0.67467E-3 -0.37865E-2  0.12179E-7
  0.39431E-2  0.22251E-7 -0.45227E-2 -0.21326E-2 -0.63239E-8 -0.30448E-8 -0.18269E-7 -0.10118E-1
 -0.98371E-8  0.31759E-2 -0.00000E+0 -0.11711E-8  0.59147E-2 -0.21632E-2 -0.62307E-2  0.21314E-7
 -0.12179E-7  0.31391E-2  0.21080E-8  0.11711E-8  0.19160E-2  0.34164E-3 -0.10719E-2  0.35133E-8
  0.51987E-2  0.14756E-7  0.17096E-2  0.79903E-2  0.49186E-8  0.56212E-8  0.16161E-7  0.55757E-2
         0.0         0.0         0.0         0.0         0.0         0.0         0.0         0.0
      705.24      760.09      946.90     1015.03     1027.19     1070.28     1093.69     1099.72
  0.14053E-8 -0.70265E-9  0.11711E-8  0.58554E-8 -0.21240E-2  0.28106E-8  0.67923E-8 -0.79812E-3
 -0.46844E-9  0.23422E-9  0.46844E-9  0.49186E-8 -0.15053E-2  0.23422E-8  0.28106E-8 -0.30825E-3
  0.13191E-3 -0.47450E-4  0.90403E-5  0.40959E-3  0.11711E-8  0.37008E-3 -0.33622E-2 -0.25764E-7
  0.23422E-9 -0.46844E-9  0.14053E-8  0.23422E-8 -0.69870E-3 -0.11711E-8  0.46844E-9 -0.69469E-4
 -0.16395E-8  0.23422E-9  0.93687E-9  0.28106E-8 -0.40537E-3 -0.11711E-8 -0.23422E-9  0.55601E-4
 -0.15028E-2  0.90538E-3 -0.35826E-3  0.21768E-2  0.53870E-8 -0.13698E-2  0.13751E-2  0.14756E-7
  0.56212E-8 -0.18737E-8 -0.28106E-8 -0.34664E-7  0.10394E-1 -0.15693E-7 -0.18503E-7  0.19667E-2
 -0.46844E-9  0.23422E-9  0.46844E-9  0.39817E-8 -0.11785E-2  0.18737E-8  0.21080E-8 -0.21436E-3
 -0.53465E-2  0.29720E-2 -0.32381E-2 -0.70968E-2 -0.11711E-7  0.59303E-2  0.12689E-1  0.87129E-7
 -0.70265E-9 -0.23422E-9  0.35133E-8  0.26467E-7 -0.85109E-2  0.11945E-7  0.20611E-7 -0.23608E-2
  0.32790E-8 -0.70265E-9 -0.35133E-8 -0.33259E-7  0.10352E-1 -0.14756E-7 -0.22485E-7  0.25323E-2
  0.65819E-2 -0.36224E-2  0.28509E-2 -0.80735E-3 -0.79634E-8 -0.59434E-2  0.14200E-1  0.11477E-6
  0.25764E-8 -0.16395E-8  0.93687E-9 -0.16864E-7  0.55589E-2 -0.10540E-7 -0.10071E-7  0.10868E-2
 -0.16395E-8  0.23422E-9  0.93687E-9  0.32790E-8 -0.48737E-3 -0.11711E-8  0.00000E+0  0.34490E-4
  0.13219E-2 -0.23971E-3 -0.30867E-2 -0.11218E-1 -0.18035E-7  0.14487E-1 -0.15698E-2 -0.34664E-7
 -0.16395E-8  0.23422E-9  0.70265E-9 -0.37475E-8  0.11663E-2  0.11711E-8 -0.77292E-8  0.97036E-3
  0.25764E-8 -0.93687E-9 -0.70265E-9 -0.74950E-8  0.17997E-2 -0.18737E-8  0.16395E-8 -0.28943E-3
  0.12146E-2 -0.10453E-2  0.16090E-2 -0.29177E-2 -0.96029E-8 -0.12722E-2 -0.39003E-3 -0.65581E-8
 -0.11711E-8  0.23422E-9  0.30448E-8 -0.37475E-8  0.59588E-3  0.18737E-8 -0.11008E-7  0.13227E-2
  0.11711E-8 -0.70265E-9  0.25764E-8  0.14053E-8 -0.12537E-2  0.46844E-8 -0.13585E-7  0.17279E-2
  0.98232E-3 -0.30208E-3 -0.34250E-2  0.65182E-3 -0.46844E-9 -0.39190E-3 -0.52404E-4  0.28106E-8
 -0.39817E-8  0.11711E-8  0.00000E+0 -0.14287E-7  0.50386E-2  0.21080E-8 -0.17332E-7  0.22009E-2
  0.25764E-8 -0.93687E-9 -0.70265E-9 -0.86661E-8  0.20119E-2 -0.16395E-8  0.93687E-9 -0.23769E-3
  0.33500E-2 -0.15851E-2 -0.20479E-3  0.13153E-1  0.44033E-7  0.10219E-1  0.24462E-2  0.21080E-7
 -0.65581E-8  0.30448E-8  0.14053E-8  0.23422E-8 -0.21010E-3  0.98371E-8 -0.51059E-7  0.68766E-2
  0.93687E-9 -0.46844E-9  0.21080E-8  0.18737E-8 -0.13509E-2  0.53870E-8 -0.17098E-7  0.22187E-2
  0.15735E-2 -0.42939E-2  0.17298E-1  0.18890E-2  0.14756E-7  0.38154E-2  0.76165E-4 -0.14053E-7
 -0.23422E-9  0.70265E-9 -0.18737E-8  0.23422E-9  0.18620E-3 -0.14053E-8  0.51528E-8 -0.56770E-3
 -0.28106E-8  0.18737E-8 -0.37475E-8  0.11711E-8  0.32819E-3 -0.18737E-8  0.56212E-8 -0.68508E-3
 -0.15657E-2  0.22747E-2  0.16006E-2  0.56600E-3  0.77292E-8  0.13335E-2  0.47569E-3 -0.00000E+0
 -0.70265E-9  0.18737E-8 -0.51528E-8  0.37475E-8 -0.15501E-2  0.72608E-8 -0.33259E-7  0.47101E-2
 -0.30448E-8  0.21080E-8 -0.46844E-8  0.16395E-8  0.19951E-3 -0.14053E-8  0.35133E-8 -0.38326E-3
 -0.29890E-3  0.80603E-3 -0.30751E-3 -0.42451E-2 -0.42159E-7 -0.82144E-2 -0.31363E-2 -0.35133E-8
  0.11711E-8  0.23422E-9 -0.32790E-8  0.14053E-8  0.63582E-4 -0.30448E-8  0.13819E-7 -0.18459E-2
  0.23422E-9 -0.23422E-9  0.23422E-9  0.00000E+0  0.38170E-3 -0.23422E-8  0.10774E-7 -0.14101E-2
 -0.13484E-2 -0.25706E-2 -0.53576E-3 -0.10671E-3 -0.14053E-8 -0.24962E-3 -0.76159E-4  0.46844E-9
 -0.21080E-8  0.23422E-8 -0.96029E-8  0.30448E-8  0.20940E-2 -0.16161E-7  0.73310E-7 -0.97065E-2
  0.44501E-8 -0.32790E-8  0.81976E-8 -0.21080E-8 -0.22839E-2  0.14522E-7 -0.66284E-7  0.87961E-2
  0.18517E-1  0.26326E-2 -0.18009E-2  0.10019E-2  0.91345E-8  0.17316E-2  0.68913E-3  0.18737E-8
  0.60897E-8 -0.30448E-8  0.44501E-8 -0.70265E-9 -0.32873E-2  0.17332E-7 -0.79634E-7  0.10660E-1
  0.11711E-8 -0.93687E-9  0.18737E-8 -0.46844E-9 -0.22612E-3  0.14053E-8 -0.65581E-8  0.88376E-3
  0.18427E-2  0.17790E-1  0.26553E-2 -0.17495E-2 -0.17332E-7 -0.27172E-2 -0.10737E-2 -0.16395E-8
         0.0         0.0         0.0         0.0         0.0         0.0         0.0         0.0
     1139.25     1279.27     1341.36     1361.59     1398.81     1408.30     1461.81     1525.43
 -0.21080E-8  0.21535E-3  0.99452E-3  0.23048E-3 -0.10625E-2  0.79551E-4 -0.18645E-3  0.57422E-4
 -0.23422E-8 -0.59148E-3  0.14057E-3  0.10957E-2  0.22131E-2  0.85862E-4 -0.43075E-4 -0.69265E-3
 -0.33542E-3  0.23422E-9  0.00000E+0 -0.23422E-9  0.00000E+0 -0.23422E-9  0.00000E+0 -0.00000E+0
  0.14053E-8  0.11017E-2 -0.14939E-2 -0.67573E-3  0.60016E-3 -0.46546E-3  0.37995E-3  0.27510E-2
  0.21080E-8  0.25148E-2 -0.14569E-2 -0.17442E-2 -0.21781E-2 -0.49917E-4  0.16175E-3 -0.26032E-3
 -0.25685E-4 -0.23422E-8 -0.46844E-9  0.46844E-9  0.00000E+0  0.23422E-9 -0.00000E+0 -0.70265E-9
  0.14287E-7  0.41757E-2 -0.63046E-3 -0.43031E-2 -0.99391E-2  0.11060E-2 -0.81565E-3 -0.10703E-1
 -0.21080E-8 -0.55789E-3 -0.44035E-4  0.10396E-2  0.23300E-2  0.64492E-5  0.22234E-5 -0.61730E-3
  0.33157E-2  0.70265E-9 -0.25764E-8 -0.93687E-9  0.23422E-9 -0.16395E-8 -0.00000E+0  0.23422E-9
 -0.89003E-8 -0.22856E-3  0.28173E-2  0.16240E-2 -0.13014E-2  0.10091E-2 -0.93344E-3 -0.67960E-2
  0.10306E-7  0.46125E-3 -0.30795E-2 -0.15935E-2  0.21221E-2 -0.15818E-2  0.12728E-2  0.11552E-1
 -0.73462E-4 -0.23422E-8 -0.46844E-9  0.18737E-8 -0.46844E-9  0.23422E-8 -0.46844E-9  0.46844E-9
  0.11242E-7  0.10081E-1 -0.47866E-2  0.36546E-2  0.15055E-1  0.25218E-2 -0.18563E-3 -0.82790E-2
  0.21080E-8  0.27627E-2 -0.15371E-2 -0.18149E-2 -0.24711E-2 -0.56529E-4  0.17154E-3 -0.30714E-3
  0.37070E-2  0.74950E-8 -0.51528E-8 -0.21080E-8  0.23422E-9 -0.32790E-8  0.16395E-8  0.18737E-8
 -0.14053E-8 -0.26469E-2 -0.41595E-4 -0.90527E-3  0.35243E-3  0.68386E-4  0.33079E-3  0.22281E-3
 -0.46844E-9 -0.19960E-2  0.16073E-2  0.21687E-2 -0.41526E-3 -0.19605E-2 -0.13711E-3 -0.39067E-3
 -0.12456E-2  0.30448E-8  0.11711E-8 -0.23422E-9 -0.23422E-9  0.70265E-9 -0.00000E+0  0.11711E-8
 -0.11711E-8 -0.21948E-2 -0.15631E-2  0.16150E-3  0.18512E-3 -0.72964E-3 -0.32653E-4 -0.14814E-2
 -0.93687E-9 -0.85768E-3 -0.17905E-2 -0.27764E-3 -0.33270E-3  0.31963E-2  0.58110E-3  0.39346E-3
  0.40275E-3 -0.14053E-8 -0.46844E-9  0.23422E-9  0.00000E+0  0.70265E-9  0.46844E-9 -0.70265E-9
  0.58554E-8  0.11315E-2  0.12070E-1  0.21341E-2 -0.62572E-4  0.16073E-1 -0.37492E-2  0.28279E-2
 -0.00000E+0 -0.21107E-2  0.19562E-2  0.24402E-2 -0.52312E-3 -0.17551E-2 -0.28799E-3 -0.54389E-3
  0.83917E-2 -0.35133E-8 -0.70265E-9 -0.11711E-8  0.70265E-9 -0.39817E-8 -0.70265E-9 -0.46844E-9
 -0.37475E-8  0.71393E-2 -0.42823E-3  0.16934E-1 -0.65188E-2 -0.28966E-2  0.45994E-2  0.20013E-2
 -0.14053E-8 -0.38902E-3 -0.18491E-2  0.74553E-3 -0.82199E-3  0.33698E-2  0.87271E-3  0.76226E-3
  0.58806E-2  0.39817E-8  0.11711E-7 -0.14053E-8  0.14053E-8 -0.96029E-8 -0.49186E-8  0.25764E-8
  0.00000E+0 -0.18383E-3  0.53974E-3 -0.92818E-3  0.36369E-3 -0.25662E-3  0.95636E-3 -0.11890E-2
  0.23422E-9  0.11079E-2  0.15031E-2 -0.98422E-3  0.54301E-3 -0.16111E-2 -0.32051E-2  0.31174E-3
 -0.25654E-2  0.16395E-8 -0.11711E-8 -0.70265E-9 -0.23422E-9  0.23422E-9 -0.00000E+0  0.23422E-9
 -0.60897E-8  0.56399E-2  0.11994E-1 -0.63537E-2  0.31985E-2 -0.45549E-2  0.12591E-1  0.11486E-2
 -0.23422E-9  0.17079E-2  0.25560E-2 -0.15016E-2  0.80118E-3 -0.20554E-2 -0.28414E-2  0.59646E-3
  0.16633E-1 -0.14053E-7  0.91345E-8  0.51528E-8  0.21080E-8 -0.53870E-8 -0.70265E-9 -0.21080E-8
  0.18737E-8  0.92454E-3 -0.24342E-3  0.72290E-3 -0.35686E-3  0.26954E-3 -0.14545E-2  0.82024E-3
  0.14053E-8 -0.23619E-3  0.51423E-4 -0.58981E-5 -0.31857E-4  0.53398E-3  0.23208E-2 -0.14192E-3
  0.35273E-3 -0.46844E-9 -0.23422E-9  0.23422E-9 -0.00000E+0  0.23422E-9  0.00000E+0 -0.00000E+0
  0.10540E-7  0.13128E-2 -0.78703E-3  0.22590E-2 -0.10935E-2  0.16309E-2  0.94309E-3  0.22260E-2
 -0.98371E-8 -0.61887E-3  0.84958E-3 -0.20053E-2  0.88590E-3 -0.12210E-2 -0.10330E-2 -0.18482E-2
 -0.30493E-2  0.18737E-8 -0.18737E-8 -0.93687E-9 -0.23422E-9  0.46844E-9  0.00000E+0  0.23422E-9
 -0.12414E-7  0.20599E-2  0.17595E-2 -0.78365E-3  0.39385E-3 -0.31108E-2 -0.94812E-2  0.18809E-2
 -0.11711E-8 -0.87086E-4  0.39072E-3 -0.30415E-3  0.14386E-3 -0.85060E-4  0.10604E-2 -0.20056E-4
  0.51746E-2 -0.28106E-8  0.16395E-8  0.70265E-9  0.23422E-9  0.46844E-9 -0.00000E+0 -0.00000E+0
         0.0         0.0         0.0         0.0         0.0         0.0         0.0         0.0
     1656.64     1742.19     1810.00     1848.00     3276.55     3284.14     3303.31     3309.01
  0.17173E-2 -0.29520E-2  0.99842E-3 -0.26532E-3 -0.26878E-3  0.11553E-2  0.33189E-4 -0.59927E-4
 -0.96294E-3  0.15479E-2 -0.52781E-3  0.14135E-3  0.23083E-3 -0.99995E-3 -0.10575E-3  0.32045E-3
  0.23422E-9  0.00000E+0 -0.23422E-9  0.00000E+0  0.00000E+0 -0.00000E+0  0.00000E+0 -0.00000E+0
 -0.60482E-3  0.33785E-2 -0.17259E-2  0.13937E-2  0.82225E-4 -0.14302E-3 -0.12860E-4  0.63151E-4
  0.73920E-3 -0.12261E-2  0.33753E-3  0.10164E-3  0.27850E-3 -0.38755E-4  0.59872E-3 -0.18438E-2
 -0.00000E+0 -0.70265E-9  0.23422E-9  0.93687E-9  0.00000E+0  0.00000E+0 -0.00000E+0 -0.00000E+0
 -0.54337E-2  0.57778E-2 -0.14628E-2  0.25485E-3  0.20260E-6 -0.22366E-3 -0.17784E-4 -0.31596E-6
 -0.12229E-2  0.20986E-2 -0.74021E-3  0.20502E-3 -0.41374E-2  0.17402E-1  0.10014E-2 -0.27449E-2
  0.23422E-9  0.46844E-9 -0.00000E+0  0.70265E-9 -0.00000E+0 -0.00000E+0  0.00000E+0 -0.00000E+0
 -0.14681E-2  0.30146E-3  0.19619E-3 -0.24916E-3  0.28090E-2 -0.11735E-1  0.63678E-4 -0.45835E-3
  0.53371E-2 -0.54579E-2  0.13480E-2 -0.95709E-4  0.16008E-2 -0.64625E-2  0.39897E-4 -0.28026E-3
 -0.21080E-8 -0.70265E-9  0.21080E-8  0.11711E-8  0.00000E+0  0.00000E+0 -0.23422E-9 -0.00000E+0
  0.33793E-3 -0.43703E-2  0.20546E-2 -0.18189E-2  0.44160E-4  0.34627E-4  0.38388E-4  0.27159E-4
  0.96866E-3 -0.15811E-2  0.42440E-3  0.17618E-3 -0.31588E-2  0.14469E-2 -0.67331E-2  0.20873E-1
 -0.23422E-9  0.14053E-8 -0.70265E-9 -0.00000E+0 -0.46844E-9 -0.00000E+0 -0.23422E-9  0.00000E+0
 -0.19533E-2 -0.90057E-4  0.14911E-2 -0.39649E-2  0.82115E-4  0.16671E-4 -0.10330E-3  0.41100E-4
  0.17865E-3  0.70483E-5 -0.94771E-4  0.62492E-3 -0.18782E-2 -0.46742E-3 -0.51770E-4 -0.23852E-3
 -0.23422E-9  0.70265E-9  0.00000E+0 -0.16395E-8  0.00000E+0 -0.00000E+0 -0.00000E+0 -0.00000E+0
  0.16177E-3 -0.13860E-2 -0.24379E-4  0.42590E-2 -0.10732E-3 -0.24932E-4  0.12669E-3  0.11780E-4
 -0.72963E-3 -0.25794E-3  0.35873E-3 -0.40721E-3  0.20879E-3  0.65687E-4 -0.18059E-2 -0.55136E-3
  0.70265E-9 -0.23422E-9 -0.46844E-9  0.00000E+0  0.00000E+0  0.00000E+0 -0.00000E+0 -0.00000E+0
  0.26196E-2  0.11526E-2 -0.21411E-2  0.44620E-2 -0.51016E-3 -0.75926E-4 -0.77244E-4 -0.42109E-4
  0.37387E-3 -0.73675E-4 -0.21752E-3  0.10888E-2  0.21373E-1  0.53626E-2  0.93106E-3  0.31677E-2
  0.46844E-9  0.23422E-9 -0.46844E-9  0.93687E-9 -0.00000E+0 -0.00000E+0  0.00000E+0  0.00000E+0
  0.54431E-3  0.17933E-2 -0.26581E-3 -0.40295E-2  0.78376E-4  0.10916E-4 -0.13012E-2 -0.46415E-3
 -0.10351E-2 -0.11005E-3  0.48013E-3 -0.12233E-2 -0.19590E-2 -0.61266E-3  0.20390E-1  0.62463E-2
 -0.70265E-9  0.18737E-8  0.23422E-9 -0.60897E-8  0.00000E+0  0.00000E+0  0.46844E-9  0.23422E-9
  0.36185E-2  0.86231E-3 -0.30266E-2 -0.19620E-2 -0.13499E-4 -0.35386E-5  0.27312E-4  0.64349E-5
  0.19794E-3  0.45926E-3  0.31745E-3 -0.47777E-3  0.69701E-4  0.87527E-5  0.54461E-3  0.21539E-3
 -0.00000E+0  0.23422E-9 -0.00000E+0  0.46844E-9  0.00000E+0 -0.00000E+0  0.00000E+0 -0.00000E+0
 -0.62671E-2 -0.16307E-2  0.36822E-2  0.36996E-2  0.10608E-3  0.19892E-4  0.45446E-3  0.19123E-3
 -0.50442E-3  0.44089E-3  0.96574E-3 -0.36680E-3 -0.74980E-3 -0.84410E-4 -0.56814E-2 -0.22036E-2
 -0.00000E+0 -0.23422E-8  0.11711E-8 -0.23422E-8 -0.46844E-9  0.00000E+0 -0.00000E+0  0.23422E-9
 -0.82385E-3  0.76473E-3  0.28350E-2  0.42379E-3  0.79159E-5  0.22803E-5  0.50406E-5  0.26483E-5
 -0.25378E-3 -0.46901E-3 -0.87822E-3  0.11375E-4  0.51364E-6  0.40754E-7 -0.25965E-4 -0.11126E-4
 -0.23422E-9 -0.23422E-9  0.23422E-9  0.46844E-9  0.00000E+0 -0.00000E+0 -0.00000E+0 -0.00000E+0
 -0.70658E-2 -0.46930E-2 -0.41255E-2 -0.11171E-3  0.40051E-4  0.22010E-4 -0.37428E-5 -0.93926E-5
  0.77169E-2  0.66867E-2  0.85720E-2  0.40818E-3  0.18952E-4  0.11229E-4  0.99850E-4  0.28951E-4
  0.00000E+0  0.23422E-9 -0.23422E-9  0.70265E-9  0.00000E+0 -0.00000E+0  0.00000E+0 -0.00000E+0
 -0.68206E-2 -0.67275E-2 -0.10092E-1 -0.16699E-2  0.44244E-5  0.31559E-5 -0.72344E-4 -0.25493E-4
 -0.12405E-2 -0.17993E-2 -0.32873E-2 -0.14725E-3 -0.11614E-4 -0.16651E-4  0.76913E-4  0.46036E-4
 -0.46844E-9 -0.46844E-9  0.46844E-9 -0.70265E-9 -0.00000E+0  0.00000E+0 -0.00000E+0 -0.00000E+0
         0.0         0.0         0.0         0.0
     3317.86     3382.37     3667.89     3780.55
 -0.38864E-5 -0.13186E-2  0.73027E-5 -0.13058E-5
  0.91745E-5 -0.17759E-2 -0.10272E-4  0.12517E-5
 -0.00000E+0 -0.00000E+0 -0.00000E+0  0.00000E+0
  0.95577E-5  0.29208E-4 -0.25484E-4  0.38346E-5
 -0.16922E-4 -0.20861E-3  0.37817E-5 -0.26748E-6
 -0.00000E+0 -0.00000E+0 -0.00000E+0  0.00000E+0
 -0.66869E-5 -0.28416E-3  0.31106E-5  0.11980E-5
 -0.93583E-4  0.13093E-1  0.17914E-4 -0.14231E-5
  0.00000E+0 -0.00000E+0  0.00000E+0  0.00000E+0
  0.18805E-4  0.15526E-1  0.73226E-5  0.41550E-6
  0.13003E-4  0.82524E-2  0.70464E-5  0.78252E-6
  0.23422E-9 -0.00000E+0  0.00000E+0 -0.00000E+0
  0.25246E-4 -0.51765E-4 -0.65277E-6 -0.42649E-5
  0.27086E-3  0.21946E-2 -0.19341E-4 -0.17819E-5
 -0.23422E-9  0.23422E-9 -0.00000E+0 -0.00000E+0
 -0.51462E-4  0.99203E-5  0.50625E-4 -0.59084E-5
 -0.97084E-4 -0.15824E-4 -0.13483E-4  0.14821E-5
 -0.00000E+0 -0.00000E+0  0.00000E+0  0.00000E+0
  0.13396E-3  0.20405E-5 -0.75881E-4  0.15725E-4
 -0.48556E-3  0.39145E-5  0.43923E-5  0.52673E-5
 -0.00000E+0 -0.00000E+0  0.00000E+0  0.00000E+0
 -0.76099E-4  0.51935E-4 -0.96406E-5  0.16070E-5
  0.13731E-2  0.24603E-3  0.14717E-4 -0.91546E-5
  0.00000E+0 -0.00000E+0 -0.00000E+0  0.00000E+0
 -0.31212E-3 -0.15505E-4  0.38206E-4  0.19331E-4
  0.60805E-2 -0.18857E-5 -0.23108E-4 -0.21716E-4
  0.23422E-9 -0.00000E+0 -0.00000E+0 -0.00000E+0
  0.14429E-3 -0.31074E-5 -0.33437E-4  0.18866E-4
 -0.19041E-2 -0.91462E-6  0.32622E-4 -0.26618E-4
  0.00000E+0 -0.00000E+0 -0.00000E+0  0.00000E+0
 -0.14672E-2  0.31882E-5 -0.72207E-4 -0.69925E-4
  0.21361E-1 -0.56728E-6  0.11239E-3  0.35909E-3
 -0.00000E+0  0.23422E-9 -0.00000E+0 -0.00000E+0
 -0.51383E-4  0.37170E-6  0.11104E-2 -0.83841E-3
  0.81560E-4  0.41105E-6 -0.64861E-3 -0.17442E-2
 -0.00000E+0 -0.00000E+0  0.00000E+0  0.00000E+0
 -0.13600E-3  0.11245E-4 -0.11413E-1  0.13777E-1
 -0.22452E-3  0.78496E-5 -0.87591E-2  0.10466E-1
  0.00000E+0 -0.00000E+0 -0.00000E+0 -0.00000E+0
 -0.99817E-4  0.13517E-5 -0.30656E-2 -0.24476E-2
 -0.21202E-3 -0.14790E-4  0.17459E-1  0.13668E-1
 -0.00000E+0 -0.00000E+0  0.00000E+0  0.00000E+0
