NORMAL COORDINATES
         0.0         0.0         0.0         0.0         0.0         0.0         0.0         0.0
      108.08      167.68      224.46      302.62      381.97      460.91      592.54      634.99
 -0.51962E-6  0.14521E+0  0.45033E-6 -0.69282E-7 -0.33838E+0  0.39312E+0 -0.22892E+0  0.69282E-6
 -0.17321E-5  0.40225E+0  0.48497E-6  0.45033E-6 -0.14966E+0 -0.88646E-1  0.55260E-2 -0.10392E-6
  0.45364E+0  0.17667E-5  0.21268E+0 -0.84998E-1 -0.34641E-7 -0.17321E-6  0.41569E-6  0.38699E-1
  0.58890E-6 -0.12731E+0 -0.00000E+0 -0.41569E-6 -0.99141E-2  0.43352E+0 -0.14269E-1 -0.69282E-7
  0.24249E-6 -0.67900E-1 -0.31177E-6 -0.27713E-6  0.38455E+0  0.90734E-1  0.29858E+0 -0.11085E-5
 -0.10759E+0  0.00000E+0 -0.50341E+0 -0.16158E-1 -0.24249E-6  0.24249E-6 -0.15935E-5 -0.31188E+0
 -0.67261E-6  0.17427E+0  0.40156E-6  0.19074E-6 -0.30001E+0  0.88185E-1 -0.25985E+0  0.94367E-6
 -0.51199E-6  0.11962E+0  0.15059E-6  0.14055E-6 -0.47603E-1 -0.27061E-1 -0.19049E-2 -0.10039E-7
  0.16266E+0  0.23090E-6  0.26827E+0  0.20010E+0  0.30117E-6  0.80312E-7 -0.15862E-5 -0.41158E+0
  0.10039E-6 -0.20983E-1  0.00000E+0 -0.13051E-6 -0.27688E-2  0.13126E+0  0.23086E-1 -0.15059E-6
 -0.96375E-6  0.23513E+0  0.38148E-6  0.35137E-6 -0.22445E+0 -0.55277E-1 -0.16979E+0  0.64250E-6
  0.24798E+0  0.12348E-5  0.60505E-1 -0.27250E+0 -0.27105E-6 -0.26101E-6  0.23090E-5  0.49664E+0
  0.67261E-6 -0.14316E+0 -0.11043E-6 -0.26101E-6  0.52167E-1  0.20016E+0 -0.55865E-1  0.20078E-6
  0.70273E-7 -0.19336E-1 -0.80312E-7 -0.70273E-7  0.11042E+0  0.27409E-1  0.85408E-1 -0.32125E-6
 -0.43884E-1  0.40156E-6 -0.31164E+0 -0.23206E+0 -0.29113E-6 -0.80312E-7  0.92359E-6  0.19102E+0
 -0.27713E-6  0.45366E-1 -0.34641E-7  0.69282E-7  0.11194E+0  0.17188E+0  0.32147E+0 -0.11085E-5
  0.18706E-5 -0.39540E+0 -0.45033E-6 -0.51962E-6  0.21282E+0  0.24919E+0 -0.27038E+0  0.11432E-5
 -0.42536E+0 -0.20438E-5 -0.12056E+0  0.47340E+0  0.17321E-6  0.10392E-6  0.41569E-6  0.10904E+0
 -0.51962E-6  0.38304E-1  0.17321E-6  0.48497E-6 -0.71266E-1 -0.16975E+0  0.32827E+0 -0.11432E-5
  0.16281E-5 -0.40532E+0 -0.13856E-6 -0.20785E-6 -0.26950E+0 -0.18271E+0 -0.21490E+0  0.65818E-6
 -0.36616E+0 -0.19399E-5  0.56401E+0 -0.77950E-1  0.45033E-6  0.10392E-6  0.69282E-7  0.67928E-2
 -0.25098E-6  0.52375E-1 -0.70273E-7 -0.50195E-7  0.13356E+0  0.98211E-1  0.20845E+0 -0.73285E-6
  0.53207E-6 -0.11361E+0 -0.14055E-6 -0.16062E-6  0.64835E-1  0.70796E-1 -0.75281E-1  0.32125E-6
 -0.16488E+0 -0.83324E-6 -0.11420E+0  0.30158E+0  0.12047E-6  0.28109E-6  0.69269E-6  0.29524E+0
 -0.38148E-6  0.51504E-1  0.11043E-6  0.25098E-6 -0.12472E+0 -0.11907E+0  0.24988E+0 -0.94367E-6
  0.45176E-6 -0.11400E+0 -0.40156E-7 -0.50195E-7 -0.84055E-1 -0.54757E-1 -0.52832E-1  0.16062E-6
 -0.50737E-1 -0.59230E-6  0.31326E+0 -0.65883E-1  0.80312E-7 -0.56219E-6 -0.95371E-6 -0.29096E+0
  0.72746E-6 -0.15156E+0 -0.34641E-6  0.00000E+0  0.32475E-1 -0.37976E+0 -0.62915E-1  0.34641E-6
  0.20785E-6 -0.10352E+0 -0.00000E+0  0.24249E-6 -0.37212E+0 -0.10011E+0  0.32473E+0 -0.10392E-5
 -0.17740E+0 -0.45033E-6  0.20699E-1 -0.44603E+0 -0.10392E-6 -0.17321E-6  0.69282E-7  0.11773E+0
  0.64250E-6 -0.15484E+0 -0.17066E-6 -0.40156E-7 -0.66001E-1 -0.16817E+0 -0.37759E-1  0.16062E-6
  0.10039E-6 -0.38103E-1 -0.20078E-7  0.70273E-7 -0.11353E+0 -0.35049E-1  0.91998E-1 -0.29113E-6
 -0.13851E+0 -0.50195E-7 -0.13859E+0 -0.37118E+0 -0.25098E-6 -0.22086E-6 -0.70273E-7 -0.69541E-1
  0.37421E-7  0.38306E-1 -0.22452E-6 -0.37421E-7  0.27786E+0 -0.41828E+0 -0.28983E+0  0.10852E-5
 -0.16091E-5  0.41569E+0  0.29937E-6  0.22452E-6  0.18468E+0  0.37352E-1 -0.44191E-1  0.11226E-6
  0.46810E+0  0.19459E-5 -0.14901E+0  0.19113E+0 -0.14968E-6  0.74841E-7  0.22452E-6  0.32354E-1
  0.27105E-6 -0.65567E-1 -0.90351E-7  0.10039E-7 -0.32021E-1 -0.12805E+0  0.33744E-1 -0.70273E-7
 -0.79308E-6  0.21273E+0  0.12047E-6  0.20078E-7  0.19296E+0  0.28918E-1 -0.16230E+0  0.52203E-6
  0.16901E+0  0.95371E-6 -0.19385E+0 -0.91408E-1 -0.27105E-6 -0.13051E-6 -0.78304E-6 -0.43368E+0
 -0.42164E-6  0.13613E+0 -0.00000E+0 -0.50195E-7  0.25352E+0 -0.92718E-1 -0.26706E+0  0.91355E-6
 -0.52203E-6  0.13455E+0  0.90351E-7  0.50195E-7  0.82124E-1  0.14643E-1 -0.45946E-1  0.15059E-6
  0.22283E+0  0.63246E-6  0.73278E-1  0.34248E+0  0.21082E-6  0.24094E-6  0.69269E-6  0.23898E+0
         0.0         0.0         0.0         0.0         0.0         0.0         0.0         0.0
      705.24      760.09      946.90     1015.03     1027.19     1070.28     1093.69     1099.72
  0.20785E-6 -0.10392E-6  0.17321E-6  0.86603E-6 -0.31414E+0  0.41569E-6  0.10046E-5 -0.11804E+0
 -0.69282E-7  0.34641E-7  0.69282E-7  0.72746E-6 -0.22263E+0  0.34641E-6  0.41569E-6 -0.45590E-1
  0.19509E-1 -0.70180E-2  0.13371E-2  0.60578E-1  0.17321E-6  0.54735E-1 -0.49727E+0 -0.38105E-5
  0.34641E-7 -0.69282E-7  0.20785E-6  0.34641E-6 -0.10334E+0 -0.17321E-6  0.69282E-7 -0.10274E-1
 -0.24249E-6  0.34641E-7  0.13856E-6  0.41569E-6 -0.59955E-1 -0.17321E-6 -0.34641E-7  0.82235E-2
 -0.22226E+0  0.13391E+0 -0.52986E-1  0.32195E+0  0.79674E-6 -0.20259E+0  0.20338E+0  0.21824E-5
  0.24094E-6 -0.80312E-7 -0.12047E-6 -0.14858E-5  0.44552E+0 -0.67261E-6 -0.79308E-6  0.84296E-1
 -0.20078E-7  0.10039E-7  0.20078E-7  0.17066E-6 -0.50511E-1  0.80312E-7  0.90351E-7 -0.91880E-2
 -0.22916E+0  0.12739E+0 -0.13879E+0 -0.30418E+0 -0.50195E-6  0.25418E+0  0.54389E+0  0.37345E-5
 -0.30117E-7 -0.10039E-7  0.15059E-6  0.11344E-5 -0.36479E+0  0.51199E-6  0.88343E-6 -0.10119E+0
  0.14055E-6 -0.30117E-7 -0.15059E-6 -0.14255E-5  0.44371E+0 -0.63246E-6 -0.96375E-6  0.10854E+0
  0.28211E+0 -0.15526E+0  0.12220E+0 -0.34605E-1 -0.34133E-6 -0.25474E+0  0.60866E+0  0.49191E-5
  0.11043E-6 -0.70273E-7  0.40156E-7 -0.72281E-6  0.23826E+0 -0.45176E-6 -0.43168E-6  0.46581E-1
 -0.70273E-7  0.10039E-7  0.40156E-7  0.14055E-6 -0.20890E-1 -0.50195E-7  0.00000E+0  0.14783E-2
  0.56660E-1 -0.10274E-1 -0.13230E+0 -0.48081E+0 -0.77300E-6  0.62094E+0 -0.67285E-1 -0.14858E-5
 -0.24249E-6  0.34641E-7  0.10392E-6 -0.55426E-6  0.17249E+0  0.17321E-6 -0.11432E-5  0.14352E+0
  0.38105E-6 -0.13856E-6 -0.10392E-6 -0.11085E-5  0.26618E+0 -0.27713E-6  0.24249E-6 -0.42807E-1
  0.17965E+0 -0.15460E+0  0.23798E+0 -0.43153E+0 -0.14203E-5 -0.18816E+0 -0.57685E-1 -0.96995E-6
 -0.17321E-6  0.34641E-7  0.45033E-6 -0.55426E-6  0.88132E-1  0.27713E-6 -0.16281E-5  0.19563E+0
  0.17321E-6 -0.10392E-6  0.38105E-6  0.20785E-6 -0.18542E+0  0.69282E-6 -0.20092E-5  0.25556E+0
  0.14529E+0 -0.44678E-1 -0.50656E+0  0.96404E-1 -0.69282E-7 -0.57963E-1 -0.77507E-2  0.41569E-6
 -0.17066E-6  0.50195E-7  0.00000E+0 -0.61238E-6  0.21597E+0  0.90351E-7 -0.74289E-6  0.94336E-1
  0.11043E-6 -0.40156E-7 -0.30117E-7 -0.37144E-6  0.86235E-1 -0.70273E-7  0.40156E-7 -0.10188E-1
  0.14359E+0 -0.67939E-1 -0.87777E-2  0.56377E+0  0.18873E-5  0.43802E+0  0.10485E+0  0.90351E-6
 -0.28109E-6  0.13051E-6  0.60234E-7  0.10039E-6 -0.90054E-2  0.42164E-6 -0.21885E-5  0.29474E+0
  0.40156E-7 -0.20078E-7  0.90351E-7  0.80312E-7 -0.57903E-1  0.23090E-6 -0.73285E-6  0.95099E-1
  0.67444E-1 -0.18404E+0  0.74143E+0  0.80965E-1  0.63246E-6  0.16354E+0  0.32646E-2 -0.60234E-6
 -0.34641E-7  0.10392E-6 -0.27713E-6  0.34641E-7  0.27539E-1 -0.20785E-6  0.76210E-6 -0.83963E-1
 -0.41569E-6  0.27713E-6 -0.55426E-6  0.17321E-6  0.48540E-1 -0.27713E-6  0.83138E-6 -0.10132E+0
 -0.23157E+0  0.33643E+0  0.23673E+0  0.83712E-1  0.11432E-5  0.19722E+0  0.70354E-1 -0.00000E+0
 -0.30117E-7  0.80312E-7 -0.22086E-6  0.16062E-6 -0.66440E-1  0.31121E-6 -0.14255E-5  0.20188E+0
 -0.13051E-6  0.90351E-7 -0.20078E-6  0.70273E-7  0.85512E-2 -0.60234E-7  0.15059E-6 -0.16427E-1
 -0.12811E-1  0.34548E-1 -0.13181E-1 -0.18195E+0 -0.18070E-5 -0.35209E+0 -0.13443E+0 -0.15059E-6
  0.18710E-6  0.37421E-7 -0.52389E-6  0.22452E-6  0.10158E-1 -0.48647E-6  0.22078E-5 -0.29491E+0
  0.37421E-7 -0.37421E-7  0.37421E-7  0.00000E+0  0.60984E-1 -0.37421E-6  0.17214E-5 -0.22529E+0
 -0.21543E+0 -0.41070E+0 -0.85597E-1 -0.17050E-1 -0.22452E-6 -0.39881E-1 -0.12168E-1  0.74841E-7
 -0.90351E-7  0.10039E-6 -0.41160E-6  0.13051E-6  0.89751E-1 -0.69269E-6  0.31422E-5 -0.41604E+0
  0.19074E-6 -0.14055E-6  0.35137E-6 -0.90351E-7 -0.97893E-1  0.62242E-6 -0.28410E-5  0.37702E+0
  0.79367E+0  0.11284E+0 -0.77189E-1  0.42944E-1  0.39152E-6  0.74218E-1  0.29537E-1  0.80312E-7
  0.26101E-6 -0.13051E-6  0.19074E-6 -0.30117E-7 -0.14090E+0  0.74289E-6 -0.34133E-5  0.45690E+0
  0.50195E-7 -0.40156E-7  0.80312E-7 -0.20078E-7 -0.96918E-2  0.60234E-7 -0.28109E-6  0.37880E-1
  0.78982E-1  0.76250E+0  0.11381E+0 -0.74989E-1 -0.74289E-6 -0.11647E+0 -0.46021E-1 -0.70273E-7
         0.0         0.0         0.0         0.0         0.0         0.0         0.0         0.0
     1139.25     1279.27     1341.36     1361.59     1398.81     1408.30     1461.81     1525.43
 -0.31177E-6  0.31851E-1  0.14709E+0  0.34089E-1 -0.15714E+0  0.11766E-1 -0.27576E-1  0.84927E-2
 -0.34641E-6 -0.87481E-1  0.20790E-1  0.16206E+0  0.32732E+0  0.12699E-1 -0.63709E-2 -0.10244E+0
 -0.49609E-1  0.34641E-7  0.00000E+0 -0.34641E-7  0.00000E+0 -0.34641E-7  0.00000E+0 -0.00000E+0
  0.20785E-6  0.16294E+0 -0.22095E+0 -0.99941E-1  0.88764E-1 -0.68841E-1  0.56195E-1  0.40688E+0
  0.31177E-6  0.37194E+0 -0.21547E+0 -0.25797E+0 -0.32215E+0 -0.73828E-2  0.23922E-1 -0.38502E-1
 -0.37988E-2 -0.34641E-6 -0.69282E-7  0.69282E-7  0.00000E+0  0.34641E-7 -0.00000E+0 -0.10392E-6
  0.61238E-6  0.17898E+0 -0.27023E-1 -0.18444E+0 -0.42601E+0  0.47405E-1 -0.34960E-1 -0.45873E+0
 -0.90351E-7 -0.23912E-1 -0.18874E-2  0.44558E-1  0.99870E-1  0.27642E-3  0.95300E-4 -0.26459E-1
  0.14212E+0  0.30117E-7 -0.11043E-6 -0.40156E-7  0.10039E-7 -0.70273E-7 -0.00000E+0  0.10039E-7
 -0.38148E-6 -0.97964E-2  0.12075E+0  0.69609E-1 -0.55780E-1  0.43250E-1 -0.40009E-1 -0.29129E+0
  0.44172E-6  0.19770E-1 -0.13199E+0 -0.68300E-1  0.90957E-1 -0.67799E-1  0.54553E-1  0.49512E+0
 -0.31487E-2 -0.10039E-6 -0.20078E-7  0.80312E-7 -0.20078E-7  0.10039E-6 -0.20078E-7  0.20078E-7
  0.48187E-6  0.43208E+0 -0.20516E+0  0.15664E+0  0.64530E+0  0.10809E+0 -0.79566E-2 -0.35485E+0
  0.90351E-7  0.11842E+0 -0.65882E-1 -0.77791E-1 -0.10592E+0 -0.24229E-2  0.73525E-2 -0.13165E-1
  0.15889E+0  0.32125E-6 -0.22086E-6 -0.90351E-7  0.10039E-7 -0.14055E-6  0.70273E-7  0.80312E-7
 -0.20785E-6 -0.39148E+0 -0.61520E-2 -0.13389E+0  0.52125E-1  0.10114E-1  0.48924E-1  0.32954E-1
 -0.69282E-7 -0.29522E+0  0.23772E+0  0.32075E+0 -0.61417E-1 -0.28996E+0 -0.20279E-1 -0.57780E-1
 -0.18423E+0  0.45033E-6  0.17321E-6 -0.34641E-7 -0.34641E-7  0.10392E-6 -0.00000E+0  0.17321E-6
 -0.17321E-6 -0.32461E+0 -0.23119E+0  0.23887E-1  0.27379E-1 -0.10791E+0 -0.48294E-2 -0.21910E+0
 -0.13856E-6 -0.12685E+0 -0.26482E+0 -0.41063E-1 -0.49207E-1  0.47273E+0  0.85945E-1  0.58194E-1
  0.59567E-1 -0.20785E-6 -0.69282E-7  0.34641E-7  0.00000E+0  0.10392E-6  0.69282E-7 -0.10392E-6
  0.25098E-6  0.48499E-1  0.51734E+0  0.91473E-1 -0.26819E-2  0.68893E+0 -0.16070E+0  0.12121E+0
 -0.00000E+0 -0.90469E-1  0.83847E-1  0.10459E+0 -0.22422E-1 -0.75225E-1 -0.12344E-1 -0.23312E-1
  0.35969E+0 -0.15059E-6 -0.30117E-7 -0.50195E-7  0.30117E-7 -0.17066E-6 -0.30117E-7 -0.20078E-7
 -0.16062E-6  0.30600E+0 -0.18355E-1  0.72581E+0 -0.27941E+0 -0.12415E+0  0.19714E+0  0.85779E-1
 -0.60234E-7 -0.16674E-1 -0.79256E-1  0.31955E-1 -0.35232E-1  0.14444E+0  0.37406E-1  0.32672E-1
  0.25205E+0  0.17066E-6  0.50195E-6 -0.60234E-7  0.60234E-7 -0.41160E-6 -0.21082E-6  0.11043E-6
  0.00000E+0 -0.27189E-1  0.79829E-1 -0.13728E+0  0.53790E-1 -0.37954E-1  0.14145E+0 -0.17586E+0
  0.34641E-7  0.16386E+0  0.22231E+0 -0.14557E+0  0.80311E-1 -0.23828E+0 -0.47404E+0  0.46106E-1
 -0.37942E+0  0.24249E-6 -0.17321E-6 -0.10392E-6 -0.34641E-7  0.34641E-7 -0.00000E+0  0.34641E-7
 -0.26101E-6  0.24174E+0  0.51409E+0 -0.27233E+0  0.13709E+0 -0.19523E+0  0.53966E+0  0.49232E-1
 -0.10039E-7  0.73203E-1  0.10955E+0 -0.64363E-1  0.34340E-1 -0.88100E-1 -0.12179E+0  0.25565E-1
  0.71293E+0 -0.60234E-6  0.39152E-6  0.22086E-6  0.90351E-7 -0.23090E-6 -0.30117E-7 -0.90351E-7
  0.29937E-6  0.14771E+0 -0.38890E-1  0.11550E+0 -0.57015E-1  0.43065E-1 -0.23238E+0  0.13105E+0
  0.22452E-6 -0.37736E-1  0.82157E-2 -0.94233E-3 -0.50898E-2  0.85313E-1  0.37080E+0 -0.22675E-1
  0.56356E-1 -0.74841E-7 -0.37421E-7  0.37421E-7 -0.00000E+0  0.37421E-7  0.00000E+0 -0.00000E+0
  0.45176E-6  0.56270E-1 -0.33734E-1  0.96824E-1 -0.46870E-1  0.69904E-1  0.40423E-1  0.95410E-1
 -0.42164E-6 -0.26526E-1  0.36415E-1 -0.85951E-1  0.37971E-1 -0.52333E-1 -0.44276E-1 -0.79217E-1
 -0.13070E+0  0.80312E-7 -0.80312E-7 -0.40156E-7 -0.10039E-7  0.20078E-7  0.00000E+0  0.10039E-7
 -0.53207E-6  0.88290E-1  0.75417E-1 -0.33589E-1  0.16881E-1 -0.13333E+0 -0.40638E+0  0.80619E-1
 -0.50195E-7 -0.37327E-2  0.16747E-1 -0.13036E-1  0.61661E-2 -0.36458E-2  0.45451E-1 -0.85964E-3
  0.22179E+0 -0.12047E-6  0.70273E-7  0.30117E-7  0.10039E-7  0.20078E-7 -0.00000E+0 -0.00000E+0
         0.0         0.0         0.0         0.0         0.0         0.0         0.0         0.0
     1656.64     1742.19     1810.00     1848.00     3276.55     3284.14     3303.31     3309.01
  0.25399E+0 -0.43660E+0  0.14767E+0 -0.39241E-1 -0.39752E-1  0.17087E+0  0.49087E-2 -0.88632E-2
 -0.14242E+0  0.22894E+0 -0.78064E-1  0.20906E-1  0.34139E-1 -0.14789E+0 -0.15640E-1  0.47395E-1
  0.34641E-7  0.00000E+0 -0.34641E-7  0.00000E+0  0.00000E+0 -0.00000E+0  0.00000E+0 -0.00000E+0
 -0.89453E-1  0.49969E+0 -0.25527E+0  0.20613E+0  0.12161E-1 -0.21153E-1 -0.19020E-2  0.93400E-2
  0.10933E+0 -0.18135E+0  0.49920E-1  0.15033E-1  0.41190E-1 -0.57319E-2  0.88552E-1 -0.27269E+0
 -0.00000E+0 -0.10392E-6  0.34641E-7  0.13856E-6  0.00000E+0  0.00000E+0 -0.00000E+0 -0.00000E+0
 -0.23290E+0  0.24765E+0 -0.62698E-1  0.10923E-1  0.86838E-5 -0.95865E-2 -0.76227E-3 -0.13543E-4
 -0.52415E-1  0.89950E-1 -0.31727E-1  0.87877E-2 -0.17734E+0  0.74587E+0  0.42924E-1 -0.11765E+0
  0.10039E-7  0.20078E-7 -0.00000E+0  0.30117E-7 -0.00000E+0 -0.00000E+0  0.00000E+0 -0.00000E+0
 -0.62928E-1  0.12921E-1  0.84092E-2 -0.10680E-1  0.12040E+0 -0.50300E+0  0.27294E-2 -0.19646E-1
  0.22876E+0 -0.23393E+0  0.57777E-1 -0.41023E-2  0.68615E-1 -0.27699E+0  0.17101E-2 -0.12013E-1
 -0.90351E-7 -0.30117E-7  0.90351E-7  0.50195E-7  0.00000E+0  0.00000E+0 -0.10039E-7 -0.00000E+0
  0.14484E-1 -0.18732E+0  0.88064E-1 -0.77962E-1  0.18928E-2  0.14842E-2  0.16454E-2  0.11641E-2
  0.41519E-1 -0.67769E-1  0.18191E-1  0.75514E-2 -0.13539E+0  0.62017E-1 -0.28859E+0  0.89464E+0
 -0.10039E-7  0.60234E-7 -0.30117E-7 -0.00000E+0 -0.20078E-7 -0.00000E+0 -0.10039E-7  0.00000E+0
 -0.28889E+0 -0.13319E-1  0.22053E+0 -0.58642E+0  0.12145E-1  0.24657E-2 -0.15278E-1  0.60787E-2
  0.26423E-1  0.10425E-2 -0.14017E-1  0.92426E-1 -0.27779E+0 -0.69131E-1 -0.76568E-2 -0.35278E-1
 -0.34641E-7  0.10392E-6  0.00000E+0 -0.24249E-6  0.00000E+0 -0.00000E+0 -0.00000E+0 -0.00000E+0
  0.23926E-1 -0.20500E+0 -0.36056E-2  0.62991E+0 -0.15873E-1 -0.36875E-2  0.18737E-1  0.17422E-2
 -0.10791E+0 -0.38149E-1  0.53056E-1 -0.60227E-1  0.30880E-1  0.97151E-2 -0.26709E+0 -0.81546E-1
  0.10392E-6 -0.34641E-7 -0.69282E-7  0.00000E+0  0.00000E+0  0.00000E+0 -0.00000E+0 -0.00000E+0
  0.11228E+0  0.49401E-1 -0.91773E-1  0.19125E+0 -0.21866E-1 -0.32543E-2 -0.33108E-2 -0.18049E-2
  0.16025E-1 -0.31578E-2 -0.93231E-2  0.46668E-1  0.91607E+0  0.22985E+0  0.39907E-1  0.13577E+0
  0.20078E-7  0.10039E-7 -0.20078E-7  0.40156E-7 -0.00000E+0 -0.00000E+0  0.00000E+0  0.00000E+0
  0.23330E-1  0.76866E-1 -0.11393E-1 -0.17271E+0  0.33593E-2  0.46788E-3 -0.55772E-1 -0.19895E-1
 -0.44365E-1 -0.47171E-2  0.20579E-1 -0.52432E-1 -0.83966E-1 -0.26260E-1  0.87396E+0  0.26773E+0
 -0.30117E-7  0.80312E-7  0.10039E-7 -0.26101E-6  0.00000E+0  0.00000E+0  0.20078E-7  0.10039E-7
  0.53518E+0  0.12754E+0 -0.44763E+0 -0.29019E+0 -0.19966E-2 -0.52336E-3  0.40394E-2  0.95173E-3
  0.29275E-1  0.67925E-1  0.46952E-1 -0.70662E-1  0.10309E-1  0.12945E-2  0.80549E-1  0.31856E-1
 -0.00000E+0  0.34641E-7 -0.00000E+0  0.69282E-7  0.00000E+0 -0.00000E+0  0.00000E+0 -0.00000E+0
 -0.26862E+0 -0.69894E-1  0.15783E+0  0.15857E+0  0.45470E-2  0.85260E-3  0.19479E-1  0.81963E-2
 -0.21620E-1  0.18897E-1  0.41394E-1 -0.15722E-1 -0.32138E-1 -0.36180E-2 -0.24351E+0 -0.94452E-1
 -0.00000E+0 -0.10039E-6  0.50195E-7 -0.10039E-6 -0.20078E-7  0.00000E+0 -0.00000E+0  0.10039E-7
 -0.13163E+0  0.12218E+0  0.45295E+0  0.67708E-1  0.12647E-2  0.36433E-3  0.80533E-3  0.42312E-3
 -0.40546E-1 -0.74933E-1 -0.14031E+0  0.18173E-2  0.82064E-4  0.65112E-5 -0.41484E-2 -0.17776E-2
 -0.37421E-7 -0.37421E-7  0.37421E-7  0.74841E-7  0.00000E+0 -0.00000E+0 -0.00000E+0 -0.00000E+0
 -0.30285E+0 -0.20115E+0 -0.17682E+0 -0.47882E-2  0.17166E-2  0.94341E-3 -0.16042E-3 -0.40258E-3
  0.33076E+0  0.28661E+0  0.36741E+0  0.17496E-1  0.81232E-3  0.48128E-3  0.42798E-2  0.12409E-2
  0.00000E+0  0.10039E-7 -0.10039E-7  0.30117E-7  0.00000E+0 -0.00000E+0  0.00000E+0 -0.00000E+0
 -0.29234E+0 -0.28835E+0 -0.43258E+0 -0.71575E-1  0.18964E-3  0.13527E-3 -0.31008E-2 -0.10927E-2
 -0.53168E-1 -0.77121E-1 -0.14090E+0 -0.63115E-2 -0.49780E-3 -0.71368E-3  0.32967E-2  0.19732E-2
 -0.20078E-7 -0.20078E-7  0.20078E-7 -0.30117E-7 -0.00000E+0  0.00000E+0 -0.00000E+0 -0.00000E+0
         0.0         0.0         0.0         0.0
     3317.86     3382.37     3667.89     3780.55
 -0.57480E-3 -0.19502E+0  0.10801E-2 -0.19312E-3
  0.13569E-2 -0.26266E+0 -0.15192E-2  0.18512E-3
 -0.00000E+0 -0.00000E+0 -0.00000E+0  0.00000E+0
  0.14136E-2  0.43199E-2 -0.37691E-2  0.56714E-3
 -0.25027E-2 -0.30853E-1  0.55931E-3 -0.39560E-4
 -0.00000E+0 -0.00000E+0 -0.00000E+0  0.00000E+0
 -0.28661E-3 -0.12179E-1  0.13333E-3  0.51350E-4
 -0.40111E-2  0.56117E+0  0.76782E-3 -0.60997E-4
  0.00000E+0 -0.00000E+0  0.00000E+0  0.00000E+0
  0.80600E-3  0.66547E+0  0.31386E-3  0.17809E-4
  0.55732E-3  0.35371E+0  0.30202E-3  0.33540E-4
  0.10039E-7 -0.00000E+0  0.00000E+0 -0.00000E+0
  0.10821E-2 -0.22188E-2 -0.27979E-4 -0.18280E-3
  0.11610E-1  0.94063E-1 -0.82898E-3 -0.76377E-4
 -0.10039E-7  0.10039E-7 -0.00000E+0 -0.00000E+0
 -0.76112E-2  0.14672E-2  0.74874E-2 -0.87385E-3
 -0.14359E-1 -0.23404E-2 -0.19941E-2  0.21921E-3
 -0.00000E+0 -0.00000E+0  0.00000E+0  0.00000E+0
  0.19813E-1  0.30179E-3 -0.11223E-1  0.23258E-2
 -0.71815E-1  0.57896E-3  0.64962E-3  0.77904E-3
 -0.00000E+0 -0.00000E+0  0.00000E+0  0.00000E+0
 -0.32618E-2  0.22260E-2 -0.41322E-3  0.68878E-4
  0.58852E-1  0.10545E-1  0.63081E-3 -0.39239E-3
  0.00000E+0 -0.00000E+0 -0.00000E+0  0.00000E+0
 -0.13378E-1 -0.66457E-3  0.16376E-2  0.82858E-3
  0.26062E+0 -0.80824E-4 -0.99046E-3 -0.93081E-3
  0.10039E-7 -0.00000E+0 -0.00000E+0 -0.00000E+0
  0.21340E-1 -0.45958E-3 -0.49454E-2  0.27902E-2
 -0.28162E+0 -0.13527E-3  0.48248E-2 -0.39369E-2
  0.00000E+0 -0.00000E+0 -0.00000E+0  0.00000E+0
 -0.62886E-1  0.13665E-3 -0.30949E-2 -0.29971E-2
  0.91556E+0 -0.24315E-4  0.48172E-2  0.15391E-1
 -0.00000E+0  0.10039E-7 -0.00000E+0 -0.00000E+0
 -0.82095E-2  0.59387E-4  0.17741E+0 -0.13395E+0
  0.13031E-1  0.65673E-4 -0.10363E+0 -0.27867E+0
 -0.00000E+0 -0.00000E+0  0.00000E+0  0.00000E+0
 -0.58293E-2  0.48197E-3 -0.48920E+0  0.59050E+0
 -0.96233E-2  0.33645E-3 -0.37543E+0  0.44859E+0
  0.00000E+0 -0.00000E+0 -0.00000E+0 -0.00000E+0
 -0.42783E-2  0.57935E-4 -0.13140E+0 -0.10491E+0
 -0.90874E-2 -0.63391E-3  0.74831E+0  0.58582E+0
 -0.00000E+0 -0.00000E+0  0.00000E+0  0.00000E+0
