temp
 300.0000000000

vib
0
0
0
0
0
0
0
0
0
0
0
0
0
0
0
0
0
0
0
0
0
0
0
0
0
0
0
0
0
0
0
0
0
0
0
0

dist
   1.0000000000     0.0000000000     1.0000000000     0.0000000000
   1.0000000000     0.0000000000     1.0000000000     0.0000000000
   1.0000000000     0.0000000000     1.0000000000     0.0000000000
   1.0000000000     0.0000000000     1.0000000000     0.0000000000
   1.0000000000     0.0000000000     1.0000000000     0.0000000000
   1.0000000000     0.0000000000     1.0000000000     0.0000000000
   1.0000000000     0.0000000000     1.0000000000     0.0000000000
   1.0000000000     0.0000000000     1.0000000000     0.0000000000
   1.0000000000     0.0000000000     1.0000000000     0.0000000000
   1.0000000000     0.0000000000     1.0000000000     0.0000000000
   1.0000000000     0.0000000000     1.0000000000     0.0000000000
   1.0000000000     0.0000000000     1.0000000000     0.0000000000
   1.0000000000     0.0000000000     1.0000000000     0.0000000000
   1.0000000000     0.0000000000     1.0000000000     0.0000000000
   1.0000000000     0.0000000000     1.0000000000     0.0000000000
   1.0000000000     0.0000000000     1.0000000000     0.0000000000
   1.0000000000     0.0000000000     1.0000000000     0.0000000000
   1.0000000000     0.0000000000     1.0000000000     0.0000000000
   1.0000000000     0.0000000000     1.0000000000     0.0000000000
   1.0000000000     0.0000000000     1.0000000000     0.0000000000
   1.0000000000     0.0000000000     1.0000000000     0.0000000000
   1.0000000000     0.0000000000     1.0000000000     0.0000000000
   1.0000000000     0.0000000000     1.0000000000     0.0000000000
   1.0000000000     0.0000000000     1.0000000000     0.0000000000
   1.0000000000     0.0000000000     1.0000000000     0.0000000000
   1.0000000000     0.0000000000     1.0000000000     0.0000000000
   1.0000000000     0.0000000000     1.0000000000     0.0000000000
   1.0000000000     0.0000000000     1.0000000000     0.0000000000
   1.0000000000     0.0000000000     1.0000000000     0.0000000000
   1.0000000000     0.0000000000     1.0000000000     0.0000000000
   1.0000000000     0.0000000000     1.0000000000     0.0000000000
   1.0000000000     0.0000000000     1.0000000000     0.0000000000
   1.0000000000     0.0000000000     1.0000000000     0.0000000000
   1.0000000000     0.0000000000     1.0000000000     0.0000000000
   1.0000000000     0.0000000000     1.0000000000     0.0000000000
   1.0000000000     0.0000000000     1.0000000000     0.0000000000

freq
 108.0800000000
 167.6800000000
 224.4600000000
 302.6200000000
 381.9700000000
 460.9100000000
 592.5400000000
 634.9900000000
 705.2400000000
 760.0900000000
 946.9000000000
1015.0300000000
1027.1900000000
1070.2800000000
1093.6900000000
1099.7200000000
1139.2500000000
1279.2700000000
1341.3600000000
1361.5900000000
1398.8100000000
1408.3000000000
1461.8100000000
1525.4300000000
1656.6400000000
1742.1900000000
1810.0000000000
1848.0000000000
3276.5500000000
3284.1400000000
3303.3100000000
3309.0100000000
3317.8600000000
3382.3700000000
3667.8900000000
3780.5500000000

nmodes
36

npoints
