 C    6.0      -3.06139063    0.23716652    0.00000000    12.00000
 C    6.0      -1.90747390   -0.44212550    0.00000000    12.00000
 H    1.0      -3.08428495    1.31543804    0.00000000     1.00782
 H    1.0      -4.01200228   -0.26852013    0.00000000     1.00782
 H    1.0      -1.90464673   -1.52059244    0.00000000     1.00782
 C    6.0      -0.65494602    0.23598372    0.00000000    12.00000
 C    6.0       0.56169250   -0.37945936    0.00000000    12.00000
 H    1.0      -0.68545908    1.31721883    0.00000000     1.00782
 H    1.0       0.63538512   -1.45559078    0.00000000     1.00782
 C    6.0       1.72702918    0.39347894    0.00000000    12.00000
 H    1.0       1.64927368    1.47030094    0.00000000     1.00782
 N    7.0       2.93638619   -0.08230066    0.00000000    14.00307
 H    1.0       3.74094162    0.52062663    0.00000000     1.00782
 H    1.0       3.11662244   -1.07304230    0.00000000     1.00782
